0,310
0,305
0,308
0,307
0,302
0,304
0,303
0,12
0,10
0,8
0,0
0,415
0,398
0,300
0,418
0,412
0,299
0,552
0,553
0,298
0,472
0,411
0,297
0,495
0,410
0,296
0,485
0,409
0,295
0,497
0,406
0,294
0,477
0,407
0,293
0,493
0,421
0,292
0,536
0,499
0,291
0,468
0,404
0,290
0,484
0,492
0,289
0,483
0,491
0,288
0,557
0,403
0,287
0,464
0,402
0,286
0,535
0,401
0,285
0,490
0,538
0,284
0,489
0,501
0,283
0,488
0,456
0,282
0,487
0,479
0,281
0,486
0,417
0,280
0,451
0,394
0,279
0,393
0,396
0,278
0,391
0,467
0,277
0,465
0,388
0,276
0,521
0,551
0,275
0,519
0,387
0,274
0,457
0,386
0,273
0,554
0,385
0,272
0,482
0,513
0,271
0,395
0,384
0,270
0,550
0,269
0,562
0,462
0,268
0,556
0,381
0,267
0,549
0,360
0,266
0,548
0,443
0,265
0,376
0,380
0,264
0,532
0,379
0,263
0,427
0,378
0,262
0,475
0,460
0,261
0,534
0,377
0,260
0,561
0,530
0,259
0,473
0,529
0,258
0,470
0,374
0,257
0,563
0,350
0,256
0,547
0,454
0,255
0,435
0,373
0,254
0,319
0,372
0,253
0,318
0,371
0,252
0,546
0,389
0,251
0,510
0,370
0,250
0,466
0,574
0,249
0,545
0,573
0,248
0,434
0,367
0,247
0,560
0,476
0,246
0,544
0,526
0,245
0,448
0,366
0,244
0,522
0,365
0,242
0,433
0,364
0,241
69,0
0,322
0,400
69,3
69,1
0,416
69,5
0,439
0,446
0,494
0,503
0,505
0,533
0,564
0,570
1,2
2,4
3,0
3,1
66,0
66,1
66,3
68,1
68,2
69,2
69,4
70,1
70,2
71,0
71,2
71,3
72,1
72,2
72,4
73,1
73,2
74,0
74,1
74,3
75,0
75,1
75,3
75,4
76,1
76,2
76,4
78,1
78,2
78,4
80,0
80,2
80,4
83,0
83,2
83,3
86,0
86,1
86,3
86,5
86,6
86,8
86,9
86,11
86,13
88,0
88,2
88,3
89,0
89,1
89,3
91,1
91,2
91,4
94,0
94,2
94,4
94,5
96,1
96,2
96,4
98,1
98,2
98,4
98,3
98,0
96,3
96,0
94,3
94,1
91,3
91,0
89,2
88,4
88,1
86,12
86,10
86,7
86,4
86,2
83,4
83,1
80,3
80,1
78,3
78,0
76,3
76,0
75,2
74,4
74,2
73,3
73,0
72,3
72,0
71,1
70,3
70,0
68,3
68,0
66,2
3,3
2,5
2,2
0,566
0,527
0,500
0,447
0,419
0,413
0,408
0,390
1,1
1,3
1,0
0,243
2,1
2,3
2,0
0,9
0,515
0,363
0,240
0,543
0,382
0,239
0,509
0,362
0,238
0,459
0,572
0,237
0,559
0,397
0,236
0,568
0,359
0,235
0,542
0,369
0,234
0,531
0,458
0,233
0,368
0,358
0,232
0,575
0,357
0,231
0,356
0,230
0,334
0,355
0,229
0,516
0,354
0,228
0,329
0,353
0,227
0,541
0,361
0,226
0,352
0,225
0,453
0,506
0,224
0,540
0,351
0,223
0,502
0,349
0,222
0,432
0,452
0,221
0,539
0,517
0,220
0,565
0,348
0,219
0,431
0,347
0,218
0,496
0,346
0,217
0,514
0,345
0,216
0,449
0,440
0,215
0,469
0,343
0,214
0,512
0,342
0,213
0,430
0,341
0,212
0,571
0,340
0,211
0,463
0,339
0,210
0,481
0,338
0,209
0,523
0,337
0,208
0,471
0,336
0,207
0,445
0,558
0,206
0,528
0,335
0,205
0,442
0,537
0,204
0,441
0,429
0,203
0,344
0,332
0,202
0,450
0,438
0,201
0,511
0,525
0,200
0,331
0,199
0,437
0,383
0,198
0,436
0,399
0,197
0,328
0,196
0,507
0,392
0,195
0,555
0,375
0,194
0,478
0,327
0,193
0,422
0,326
0,192
0,518
0,325
0,63
0,524
0,324
0,62
0,474
0,323
0,61
0,420
0,321
0,60
0,569
0,426
0,59
0,414
0,320
0,58
0,425
0,333
0,57
0,424
0,461
0,56
0,317
0,55
0,504
0,54
0,520
0,423
0,53
0,330
0,316
0,52
0,508
0,315
0,51
0,455
0,314
0,50
0,405
0,313
0,49
0,444
0,312
0,48
0,498
0,311
0,47
0,428
0,309
0,46
0,480
0,306
0,45
0,567
0,301
0,6
0,5
0,1
0,11
0,4
0,2
0,3
0,7
